
## PHerc Paris 4 hires-256 (ink/fiber-rich)  (256x256x256, 16.8 MB, atom=16^3, HF slope 0.50)

### target 16x  (q-knob proxy ~16)
  dz  |  ro   | ratio  |  PSNR | dPSNR | MS-SSIM |   GMSD  | HaarPSI | edgeMAE |  seam16
------+-------+--------+-------+-------+---------+---------+---------+---------+--------
 0.40 | 0.300 | 16.04x | 41.94 | +0.00 |  0.9825 | 0.05663 |  0.9786 |   4.916 |   2.408
 0.40 | 0.375 | 16.04x | 41.99 | +0.00 |  0.9823 | 0.05782 |  0.9782 |   4.882 |   2.484
 0.40 | 0.400 | 16.04x | 41.95 | +0.00 |  0.9822 | 0.05838 |  0.9780 |   4.902 |   2.512
 0.40 | 0.450 | 16.04x | 41.80 | +0.00 |  0.9815 | 0.06019 |  0.9772 |   5.008 |   2.593
 0.40 | 0.500 | 16.04x | 41.58 | +0.00 |  0.9807 | 0.06222 |  0.9763 |   5.168 |   2.686
 0.45 | 0.300 | 16.01x | 42.22 | +0.00 |  0.9834 | 0.05475 |  0.9797 |   4.787 |   2.298
 0.45 | 0.375 | 16.01x | 42.31 | +0.00 |  0.9834 | 0.05534 |  0.9795 |   4.720 |   2.354
 0.45 | 0.400 | 16.01x | 42.28 | +0.00 |  0.9833 | 0.05592 |  0.9793 |   4.732 |   2.385
 0.45 | 0.450 | 16.01x | 42.18 | +0.00 |  0.9829 | 0.05709 |  0.9788 |   4.794 |   2.445
 0.45 | 0.500 | 16.01x | 41.97 | +0.00 |  0.9821 | 0.05898 |  0.9779 |   4.935 |   2.532
 0.50 | 0.300 | 15.97x | 42.40 | +0.00 |  0.9839 | 0.05364 |  0.9804 |   4.708 |   2.224
 0.50 | 0.375 | 15.97x | 42.51 | +0.00 |  0.9841 | 0.05387 |  0.9804 |   4.625 |   2.265
 0.50 | 0.400 | 15.97x | 42.51 | +0.00 |  0.9840 | 0.05420 |  0.9802 |   4.627 |   2.288
 0.50 | 0.450 | 15.97x | 42.44 | +0.00 |  0.9837 | 0.05512 |  0.9798 |   4.662 |   2.340
 0.50 | 0.500 | 15.97x | 42.26 | +0.00 |  0.9831 | 0.05676 |  0.9791 |   4.773 |   2.420  <-baseline
 0.55 | 0.300 | 16.02x | 42.54 | +0.28 |  0.9843 | 0.05289 |  0.9809 |   4.652 |   2.155
 0.55 | 0.375 | 16.02x | 42.65 | +0.39 |  0.9845 | 0.05291 |  0.9809 |   4.570 |   2.184
 0.55 | 0.400 | 16.02x | 42.65 | +0.39 |  0.9844 | 0.05318 |  0.9808 |   4.563 |   2.209
 0.55 | 0.450 | 16.02x | 42.61 | +0.35 |  0.9843 | 0.05390 |  0.9805 |   4.584 |   2.255
 0.55 | 0.500 | 16.02x | 42.48 | +0.22 |  0.9839 | 0.05499 |  0.9800 |   4.657 |   2.319
 0.60 | 0.300 | 16.08x | 42.59 | +0.33 |  0.9844 | 0.05282 |  0.9811 |   4.630 |   2.132
 0.60 | 0.375 | 16.08x | 42.70 | +0.44 |  0.9846 | 0.05282 |  0.9811 |   4.552 |   2.161
 0.60 | 0.400 | 16.08x | 42.70 | +0.44 |  0.9845 | 0.05304 |  0.9810 |   4.548 |   2.184
 0.60 | 0.450 | 16.08x | 42.65 | +0.39 |  0.9843 | 0.05373 |  0.9807 |   4.567 |   2.230
 0.60 | 0.500 | 16.08x | 42.55 | +0.29 |  0.9840 | 0.05463 |  0.9802 |   4.625 |   2.285
 0.65 | 0.300 | 16.00x | 42.68 | +0.41 |  0.9846 | 0.05240 |  0.9814 |   4.593 |   2.100
 0.65 | 0.375 | 16.00x | 42.78 | +0.52 |  0.9848 | 0.05233 |  0.9814 |   4.517 |   2.124
 0.65 | 0.400 | 16.00x | 42.78 | +0.52 |  0.9847 | 0.05259 |  0.9813 |   4.511 |   2.147
 0.65 | 0.450 | 16.00x | 42.76 | +0.50 |  0.9847 | 0.05293 |  0.9811 |   4.516 |   2.182
 0.65 | 0.500 | 16.00x | 42.65 | +0.39 |  0.9843 | 0.05398 |  0.9806 |   4.576 |   2.243
 0.70 | 0.300 | 15.95x | 42.74 | +0.48 |  0.9848 | 0.05217 |  0.9816 |   4.567 |   2.075
 0.70 | 0.375 | 15.95x | 42.84 | +0.58 |  0.9849 | 0.05208 |  0.9816 |   4.493 |   2.098
 0.70 | 0.400 | 15.95x | 42.86 | +0.60 |  0.9850 | 0.05208 |  0.9816 |   4.477 |   2.107
 0.70 | 0.450 | 15.95x | 42.83 | +0.57 |  0.9848 | 0.05262 |  0.9813 |   4.488 |   2.156
 0.70 | 0.500 | 15.95x | 42.76 | +0.50 |  0.9846 | 0.05322 |  0.9810 |   4.520 |   2.196
 0.80 | 0.300 | 16.00x | 42.77 | +0.51 |  0.9848 | 0.05237 |  0.9817 |   4.567 |   2.057
 0.80 | 0.375 | 16.00x | 42.86 | +0.60 |  0.9850 | 0.05223 |  0.9817 |   4.500 |   2.078
 0.80 | 0.400 | 16.00x | 42.88 | +0.62 |  0.9850 | 0.05222 |  0.9817 |   4.486 |   2.085
 0.80 | 0.450 | 16.00x | 42.88 | +0.62 |  0.9850 | 0.05239 |  0.9816 |   4.475 |   2.112
 0.80 | 0.500 | 16.00x | 42.83 | +0.56 |  0.9848 | 0.05290 |  0.9813 |   4.500 |   2.153

### target 32x  (q-knob proxy ~32)
  dz  |  ro   | ratio  |  PSNR | dPSNR | MS-SSIM |   GMSD  | HaarPSI | edgeMAE |  seam16
------+-------+--------+-------+-------+---------+---------+---------+---------+--------
 0.40 | 0.300 | 31.91x | 38.03 | +0.00 |  0.9609 | 0.09268 |  0.9597 |   7.532 |   3.796
 0.40 | 0.375 | 31.91x | 38.07 | +0.00 |  0.9606 | 0.09401 |  0.9589 |   7.491 |   3.948
 0.40 | 0.400 | 31.91x | 38.03 | +0.00 |  0.9603 | 0.09472 |  0.9584 |   7.527 |   4.010
 0.40 | 0.450 | 31.91x | 37.86 | +0.00 |  0.9589 | 0.09686 |  0.9572 |   7.689 |   4.159
 0.40 | 0.500 | 31.91x | 37.62 | +0.00 |  0.9572 | 0.09933 |  0.9559 |   7.939 |   4.327
 0.45 | 0.300 | 32.15x | 38.23 | +0.00 |  0.9622 | 0.09134 |  0.9608 |   7.426 |   3.669
 0.45 | 0.375 | 32.15x | 38.29 | +0.00 |  0.9622 | 0.09217 |  0.9602 |   7.356 |   3.792
 0.45 | 0.400 | 32.15x | 38.26 | +0.00 |  0.9619 | 0.09280 |  0.9598 |   7.379 |   3.850
 0.45 | 0.450 | 32.15x | 38.16 | +0.00 |  0.9610 | 0.09419 |  0.9590 |   7.467 |   3.968
 0.45 | 0.500 | 32.15x | 37.94 | +0.00 |  0.9596 | 0.09640 |  0.9577 |   7.666 |   4.121
 0.50 | 0.300 | 32.03x | 38.42 | +0.00 |  0.9634 | 0.09007 |  0.9617 |   7.324 |   3.553
 0.50 | 0.375 | 32.03x | 38.50 | +0.00 |  0.9636 | 0.09051 |  0.9613 |   7.230 |   3.658
 0.50 | 0.400 | 32.03x | 38.50 | +0.00 |  0.9635 | 0.09084 |  0.9611 |   7.232 |   3.699
 0.50 | 0.450 | 32.03x | 38.40 | +0.00 |  0.9628 | 0.09211 |  0.9604 |   7.303 |   3.812
 0.50 | 0.500 | 32.03x | 38.25 | +0.00 |  0.9618 | 0.09363 |  0.9595 |   7.431 |   3.934  <-baseline
 0.55 | 0.300 | 31.93x | 38.57 | +0.33 |  0.9643 | 0.08913 |  0.9625 |   7.243 |   3.467
 0.55 | 0.375 | 31.93x | 38.67 | +0.42 |  0.9646 | 0.08925 |  0.9623 |   7.141 |   3.552
 0.55 | 0.400 | 31.93x | 38.66 | +0.41 |  0.9645 | 0.08957 |  0.9621 |   7.138 |   3.594
 0.55 | 0.450 | 31.93x | 38.59 | +0.35 |  0.9640 | 0.09053 |  0.9615 |   7.181 |   3.688
 0.55 | 0.500 | 31.93x | 38.47 | +0.23 |  0.9633 | 0.09172 |  0.9607 |   7.273 |   3.794
 0.60 | 0.300 | 31.94x | 38.66 | +0.41 |  0.9648 | 0.08867 |  0.9630 |   7.201 |   3.414
 0.60 | 0.375 | 31.94x | 38.75 | +0.50 |  0.9651 | 0.08878 |  0.9628 |   7.099 |   3.498
 0.60 | 0.400 | 31.94x | 38.75 | +0.51 |  0.9651 | 0.08893 |  0.9626 |   7.088 |   3.529
 0.60 | 0.450 | 31.94x | 38.71 | +0.46 |  0.9648 | 0.08962 |  0.9621 |   7.110 |   3.611
 0.60 | 0.500 | 31.94x | 38.61 | +0.36 |  0.9641 | 0.09067 |  0.9615 |   7.185 |   3.706
 0.65 | 0.300 | 31.95x | 38.73 | +0.49 |  0.9652 | 0.08846 |  0.9633 |   7.169 |   3.369
 0.65 | 0.375 | 31.95x | 38.82 | +0.58 |  0.9655 | 0.08837 |  0.9632 |   7.069 |   3.440
 0.65 | 0.400 | 31.95x | 38.83 | +0.59 |  0.9656 | 0.08842 |  0.9631 |   7.050 |   3.470
 0.65 | 0.450 | 31.95x | 38.80 | +0.55 |  0.9653 | 0.08895 |  0.9627 |   7.060 |   3.540
 0.65 | 0.500 | 31.95x | 38.71 | +0.46 |  0.9648 | 0.08992 |  0.9620 |   7.123 |   3.635
 0.70 | 0.300 | 31.94x | 38.79 | +0.54 |  0.9655 | 0.08825 |  0.9636 |   7.152 |   3.323
 0.70 | 0.375 | 31.94x | 38.88 | +0.63 |  0.9659 | 0.08808 |  0.9634 |   7.048 |   3.392
 0.70 | 0.400 | 31.94x | 38.88 | +0.64 |  0.9659 | 0.08818 |  0.9633 |   7.033 |   3.422
 0.70 | 0.450 | 31.94x | 38.86 | +0.62 |  0.9657 | 0.08857 |  0.9630 |   7.032 |   3.485
 0.70 | 0.500 | 31.94x | 38.80 | +0.55 |  0.9653 | 0.08920 |  0.9626 |   7.068 |   3.557
 0.80 | 0.300 | 32.02x | 38.82 | +0.58 |  0.9656 | 0.08833 |  0.9637 |   7.149 |   3.285
 0.80 | 0.375 | 32.02x | 38.91 | +0.67 |  0.9660 | 0.08799 |  0.9636 |   7.046 |   3.344
 0.80 | 0.400 | 32.02x | 38.92 | +0.68 |  0.9661 | 0.08803 |  0.9636 |   7.032 |   3.362
 0.80 | 0.450 | 32.02x | 38.91 | +0.67 |  0.9660 | 0.08827 |  0.9633 |   7.020 |   3.420
 0.80 | 0.500 | 32.02x | 38.87 | +0.63 |  0.9658 | 0.08869 |  0.9630 |   7.037 |   3.481

### target 64x  (q-knob proxy ~64)
  dz  |  ro   | ratio  |  PSNR | dPSNR | MS-SSIM |   GMSD  | HaarPSI | edgeMAE |  seam16
------+-------+--------+-------+-------+---------+---------+---------+---------+--------
 0.40 | 0.300 | 64.24x | 34.25 | +0.00 |  0.9179 | 0.13119 |  0.9336 |  10.899 |   5.851
 0.40 | 0.375 | 64.24x | 34.23 | +0.00 |  0.9170 | 0.13246 |  0.9326 |  10.915 |   6.142
 0.40 | 0.400 | 64.24x | 34.18 | +0.00 |  0.9163 | 0.13315 |  0.9321 |  10.977 |   6.253
 0.40 | 0.450 | 64.24x | 33.99 | +0.00 |  0.9138 | 0.13533 |  0.9307 |  11.222 |   6.515
 0.40 | 0.500 | 64.24x | 33.73 | +0.00 |  0.9106 | 0.13787 |  0.9290 |  11.569 |   6.802
 0.45 | 0.300 | 64.22x | 34.48 | +0.00 |  0.9209 | 0.12961 |  0.9352 |  10.743 |   5.626
 0.45 | 0.375 | 64.22x | 34.49 | +0.00 |  0.9205 | 0.13034 |  0.9345 |  10.703 |   5.878
 0.45 | 0.400 | 64.22x | 34.45 | +0.00 |  0.9199 | 0.13087 |  0.9341 |  10.740 |   5.977
 0.45 | 0.450 | 64.22x | 34.32 | +0.00 |  0.9182 | 0.13237 |  0.9330 |  10.892 |   6.196
 0.45 | 0.500 | 64.22x | 34.11 | +0.00 |  0.9158 | 0.13439 |  0.9317 |  11.149 |   6.442
 0.50 | 0.300 | 64.03x | 34.66 | +0.00 |  0.9230 | 0.12862 |  0.9364 |  10.621 |   5.444
 0.50 | 0.375 | 64.03x | 34.70 | +0.00 |  0.9230 | 0.12883 |  0.9359 |  10.546 |   5.662
 0.50 | 0.400 | 64.03x | 34.68 | +0.00 |  0.9227 | 0.12918 |  0.9356 |  10.559 |   5.741
 0.50 | 0.450 | 64.03x | 34.57 | +0.00 |  0.9214 | 0.13035 |  0.9347 |  10.664 |   5.936
 0.50 | 0.500 | 64.03x | 34.40 | +0.00 |  0.9196 | 0.13189 |  0.9336 |  10.848 |   6.147  <-baseline
 0.55 | 0.300 | 64.10x | 34.78 | +0.37 |  0.9243 | 0.12812 |  0.9371 |  10.562 |   5.328
 0.55 | 0.375 | 64.10x | 34.83 | +0.42 |  0.9246 | 0.12807 |  0.9368 |  10.465 |   5.517
 0.55 | 0.400 | 64.10x | 34.81 | +0.41 |  0.9244 | 0.12826 |  0.9366 |  10.465 |   5.590
 0.55 | 0.450 | 64.10x | 34.74 | +0.34 |  0.9235 | 0.12905 |  0.9359 |  10.527 |   5.752
 0.55 | 0.500 | 64.10x | 34.60 | +0.20 |  0.9220 | 0.13024 |  0.9350 |  10.657 |   5.940
 0.60 | 0.300 | 63.94x | 34.88 | +0.47 |  0.9254 | 0.12777 |  0.9377 |  10.504 |   5.231
 0.60 | 0.375 | 63.94x | 34.94 | +0.54 |  0.9259 | 0.12740 |  0.9376 |  10.391 |   5.387
 0.60 | 0.400 | 63.94x | 34.93 | +0.53 |  0.9258 | 0.12753 |  0.9374 |  10.384 |   5.451
 0.60 | 0.450 | 63.94x | 34.87 | +0.47 |  0.9251 | 0.12810 |  0.9368 |  10.418 |   5.604
 0.60 | 0.500 | 63.94x | 34.76 | +0.36 |  0.9240 | 0.12900 |  0.9361 |  10.514 |   5.772
 0.65 | 0.300 | 64.31x | 34.92 | +0.52 |  0.9258 | 0.12780 |  0.9379 |  10.497 |   5.181
 0.65 | 0.375 | 64.31x | 34.99 | +0.58 |  0.9263 | 0.12732 |  0.9378 |  10.381 |   5.323
 0.65 | 0.400 | 64.31x | 34.98 | +0.58 |  0.9263 | 0.12729 |  0.9377 |  10.364 |   5.381
 0.65 | 0.450 | 64.31x | 34.94 | +0.54 |  0.9258 | 0.12771 |  0.9373 |  10.382 |   5.518
 0.65 | 0.500 | 64.31x | 34.85 | +0.45 |  0.9249 | 0.12841 |  0.9366 |  10.452 |   5.670
 0.70 | 0.300 | 64.11x | 34.99 | +0.58 |  0.9264 | 0.12761 |  0.9382 |  10.458 |   5.122
 0.70 | 0.375 | 64.11x | 35.05 | +0.65 |  0.9271 | 0.12707 |  0.9382 |  10.339 |   5.260
 0.70 | 0.400 | 64.11x | 35.05 | +0.65 |  0.9270 | 0.12705 |  0.9381 |  10.323 |   5.311
 0.70 | 0.450 | 64.11x | 35.02 | +0.61 |  0.9267 | 0.12729 |  0.9378 |  10.327 |   5.437
 0.70 | 0.500 | 64.11x | 34.94 | +0.54 |  0.9260 | 0.12784 |  0.9372 |  10.379 |   5.574
 0.80 | 0.300 | 63.88x | 35.08 | +0.68 |  0.9275 | 0.12721 |  0.9388 |  10.403 |   5.029
 0.80 | 0.375 | 63.88x | 35.14 | +0.74 |  0.9281 | 0.12665 |  0.9388 |  10.292 |   5.145
 0.80 | 0.400 | 63.88x | 35.15 | +0.74 |  0.9282 | 0.12656 |  0.9388 |  10.269 |   5.189
 0.80 | 0.450 | 63.88x | 35.13 | +0.73 |  0.9281 | 0.12661 |  0.9385 |  10.255 |   5.287
 0.80 | 0.500 | 63.88x | 35.08 | +0.68 |  0.9276 | 0.12692 |  0.9382 |  10.276 |   5.400

### target 128x  (q-knob proxy ~128)
  dz  |  ro   | ratio  |  PSNR | dPSNR | MS-SSIM |   GMSD  | HaarPSI | edgeMAE |  seam16
------+-------+--------+-------+-------+---------+---------+---------+---------+--------
 0.40 | 0.300 | 127.47x | 30.77 | +0.00 |  0.8426 | 0.17104 |  0.8995 |  14.959 |   8.489
 0.40 | 0.375 | 127.47x | 30.69 | +0.00 |  0.8409 | 0.17140 |  0.8992 |  15.043 |   8.993
 0.40 | 0.400 | 127.47x | 30.62 | +0.00 |  0.8396 | 0.17196 |  0.8988 |  15.148 |   9.187
 0.40 | 0.450 | 127.47x | 30.43 | +0.00 |  0.8364 | 0.17323 |  0.8977 |  15.433 |   9.592
 0.40 | 0.500 | 127.47x | 30.16 | +0.00 |  0.8320 | 0.17522 |  0.8962 |  15.867 |  10.055
 0.45 | 0.300 | 128.14x | 30.94 | +0.00 |  0.8453 | 0.17090 |  0.9003 |  14.849 |   8.189
 0.45 | 0.375 | 128.14x | 30.90 | +0.00 |  0.8446 | 0.17080 |  0.9003 |  14.845 |   8.619
 0.45 | 0.400 | 128.14x | 30.86 | +0.00 |  0.8438 | 0.17102 |  0.9001 |  14.900 |   8.779
 0.45 | 0.450 | 128.14x | 30.71 | +0.00 |  0.8414 | 0.17188 |  0.8993 |  15.097 |   9.135
 0.45 | 0.500 | 128.14x | 30.49 | +0.00 |  0.8379 | 0.17328 |  0.8982 |  15.413 |   9.541
 0.50 | 0.300 | 127.51x | 31.11 | +0.00 |  0.8486 | 0.17047 |  0.9015 |  14.723 |   7.921
 0.50 | 0.375 | 127.51x | 31.11 | +0.00 |  0.8485 | 0.16993 |  0.9017 |  14.663 |   8.292
 0.50 | 0.400 | 127.51x | 31.07 | +0.00 |  0.8479 | 0.16998 |  0.9016 |  14.691 |   8.438
 0.50 | 0.450 | 127.51x | 30.96 | +0.00 |  0.8462 | 0.17041 |  0.9011 |  14.813 |   8.741
 0.50 | 0.500 | 127.51x | 30.79 | +0.00 |  0.8438 | 0.17131 |  0.9003 |  15.027 |   9.070  <-baseline
 0.55 | 0.300 | 128.18x | 31.21 | +0.42 |  0.8500 | 0.17067 |  0.9018 |  14.680 |   7.719
 0.55 | 0.375 | 128.18x | 31.23 | +0.44 |  0.8504 | 0.16981 |  0.9023 |  14.576 |   8.043
 0.55 | 0.400 | 128.18x | 31.21 | +0.42 |  0.8501 | 0.16983 |  0.9023 |  14.582 |   8.164
 0.55 | 0.450 | 128.18x | 31.13 | +0.34 |  0.8490 | 0.16991 |  0.9020 |  14.645 |   8.422
 0.55 | 0.500 | 128.18x | 31.00 | +0.21 |  0.8472 | 0.17044 |  0.9015 |  14.786 |   8.716
 0.60 | 0.300 | 127.70x | 31.31 | +0.52 |  0.8519 | 0.17028 |  0.9025 |  14.598 |   7.594
 0.60 | 0.375 | 127.70x | 31.33 | +0.54 |  0.8525 | 0.16940 |  0.9030 |  14.488 |   7.885
 0.60 | 0.400 | 127.70x | 31.32 | +0.52 |  0.8523 | 0.16929 |  0.9030 |  14.484 |   7.996
 0.60 | 0.450 | 127.70x | 31.25 | +0.46 |  0.8515 | 0.16936 |  0.9029 |  14.527 |   8.233
 0.60 | 0.500 | 127.70x | 31.14 | +0.35 |  0.8500 | 0.16964 |  0.9024 |  14.633 |   8.493
 0.65 | 0.300 | 127.85x | 31.38 | +0.58 |  0.8529 | 0.17034 |  0.9028 |  14.569 |   7.470
 0.65 | 0.375 | 127.85x | 31.41 | +0.62 |  0.8538 | 0.16944 |  0.9034 |  14.444 |   7.721
 0.65 | 0.400 | 127.85x | 31.40 | +0.61 |  0.8537 | 0.16917 |  0.9035 |  14.427 |   7.822
 0.65 | 0.450 | 127.85x | 31.35 | +0.56 |  0.8532 | 0.16909 |  0.9034 |  14.441 |   8.035
 0.65 | 0.500 | 127.85x | 31.27 | +0.47 |  0.8521 | 0.16921 |  0.9032 |  14.509 |   8.267
 0.70 | 0.300 | 127.86x | 31.43 | +0.63 |  0.8536 | 0.17071 |  0.9029 |  14.540 |   7.408
 0.70 | 0.375 | 127.86x | 31.46 | +0.67 |  0.8545 | 0.16969 |  0.9035 |  14.415 |   7.647
 0.70 | 0.400 | 127.86x | 31.46 | +0.66 |  0.8545 | 0.16953 |  0.9036 |  14.396 |   7.733
 0.70 | 0.450 | 127.86x | 31.42 | +0.62 |  0.8541 | 0.16917 |  0.9036 |  14.393 |   7.931
 0.70 | 0.500 | 127.86x | 31.34 | +0.55 |  0.8533 | 0.16930 |  0.9034 |  14.444 |   8.140
 0.80 | 0.300 | 128.11x | 31.50 | +0.70 |  0.8545 | 0.17127 |  0.9030 |  14.517 |   7.275
 0.80 | 0.375 | 128.11x | 31.53 | +0.74 |  0.8554 | 0.17017 |  0.9036 |  14.391 |   7.481
 0.80 | 0.400 | 128.11x | 31.53 | +0.74 |  0.8555 | 0.17000 |  0.9037 |  14.369 |   7.554
 0.80 | 0.450 | 128.11x | 31.51 | +0.72 |  0.8555 | 0.16968 |  0.9039 |  14.348 |   7.721
 0.80 | 0.500 | 128.11x | 31.46 | +0.67 |  0.8550 | 0.16947 |  0.9038 |  14.363 |   7.896

## PHerc Paris 4 coarse-256  (256x256x256, 16.8 MB, atom=16^3, HF slope 0.50)

### target 16x  (q-knob proxy ~16)
  dz  |  ro   | ratio  |  PSNR | dPSNR | MS-SSIM |   GMSD  | HaarPSI | edgeMAE |  seam16
------+-------+--------+-------+-------+---------+---------+---------+---------+--------
 0.40 | 0.300 | 15.96x | 32.04 | +0.00 |  0.9484 | 0.10788 |  0.9523 |  15.698 |   7.388
 0.40 | 0.375 | 15.96x | 32.07 | +0.00 |  0.9496 | 0.10840 |  0.9520 |  15.385 |   7.768
 0.40 | 0.400 | 15.96x | 32.03 | +0.00 |  0.9495 | 0.10895 |  0.9517 |  15.439 |   7.919
 0.40 | 0.450 | 15.96x | 31.86 | +0.00 |  0.9485 | 0.11050 |  0.9508 |  15.769 |   8.251
 0.40 | 0.500 | 15.96x | 31.59 | +0.00 |  0.9465 | 0.11261 |  0.9496 |  16.408 |   8.626
 0.45 | 0.300 | 16.04x | 32.27 | +0.00 |  0.9506 | 0.10575 |  0.9539 |  15.397 |   7.083
 0.45 | 0.375 | 16.04x | 32.34 | +0.00 |  0.9520 | 0.10586 |  0.9538 |  15.019 |   7.395
 0.45 | 0.400 | 16.04x | 32.31 | +0.00 |  0.9520 | 0.10633 |  0.9536 |  15.027 |   7.536
 0.45 | 0.450 | 16.04x | 32.19 | +0.00 |  0.9514 | 0.10748 |  0.9529 |  15.219 |   7.824
 0.45 | 0.500 | 16.04x | 31.97 | +0.00 |  0.9501 | 0.10913 |  0.9520 |  15.659 |   8.142
 0.50 | 0.300 | 16.00x | 32.46 | +0.00 |  0.9524 | 0.10399 |  0.9553 |  15.143 |   6.837
 0.50 | 0.375 | 16.00x | 32.55 | +0.00 |  0.9539 | 0.10395 |  0.9553 |  14.747 |   7.121
 0.50 | 0.400 | 16.00x | 32.54 | +0.00 |  0.9540 | 0.10416 |  0.9551 |  14.714 |   7.226
 0.50 | 0.450 | 16.00x | 32.45 | +0.00 |  0.9537 | 0.10506 |  0.9546 |  14.813 |   7.476
 0.50 | 0.500 | 16.00x | 32.28 | +0.00 |  0.9528 | 0.10634 |  0.9539 |  15.120 |   7.753  <-baseline
 0.55 | 0.300 | 16.04x | 32.58 | +0.30 |  0.9534 | 0.10300 |  0.9561 |  15.032 |   6.657
 0.55 | 0.375 | 16.04x | 32.68 | +0.41 |  0.9550 | 0.10272 |  0.9562 |  14.584 |   6.921
 0.55 | 0.400 | 16.04x | 32.68 | +0.40 |  0.9552 | 0.10289 |  0.9561 |  14.538 |   7.015
 0.55 | 0.450 | 16.04x | 32.62 | +0.34 |  0.9551 | 0.10350 |  0.9557 |  14.567 |   7.230
 0.55 | 0.500 | 16.04x | 32.48 | +0.21 |  0.9545 | 0.10456 |  0.9551 |  14.784 |   7.475
 0.60 | 0.300 | 15.93x | 32.72 | +0.45 |  0.9547 | 0.10173 |  0.9570 |  14.814 |   6.504
 0.60 | 0.375 | 15.93x | 32.82 | +0.55 |  0.9562 | 0.10143 |  0.9571 |  14.405 |   6.734
 0.60 | 0.400 | 15.93x | 32.82 | +0.54 |  0.9563 | 0.10154 |  0.9570 |  14.347 |   6.827
 0.60 | 0.450 | 15.93x | 32.78 | +0.50 |  0.9564 | 0.10203 |  0.9567 |  14.341 |   7.023
 0.60 | 0.500 | 15.93x | 32.67 | +0.39 |  0.9560 | 0.10288 |  0.9562 |  14.495 |   7.244
 0.65 | 0.300 | 15.95x | 32.79 | +0.51 |  0.9553 | 0.10120 |  0.9574 |  14.735 |   6.407
 0.65 | 0.375 | 15.95x | 32.89 | +0.61 |  0.9567 | 0.10082 |  0.9576 |  14.332 |   6.622
 0.65 | 0.400 | 15.95x | 32.89 | +0.61 |  0.9569 | 0.10094 |  0.9575 |  14.272 |   6.713
 0.65 | 0.450 | 15.95x | 32.87 | +0.59 |  0.9571 | 0.10120 |  0.9573 |  14.233 |   6.872
 0.65 | 0.500 | 15.95x | 32.77 | +0.50 |  0.9567 | 0.10195 |  0.9569 |  14.344 |   7.084
 0.70 | 0.300 | 15.97x | 32.83 | +0.55 |  0.9556 | 0.10098 |  0.9577 |  14.694 |   6.344
 0.70 | 0.375 | 15.97x | 32.93 | +0.65 |  0.9569 | 0.10053 |  0.9579 |  14.302 |   6.540
 0.70 | 0.400 | 15.97x | 32.94 | +0.66 |  0.9571 | 0.10062 |  0.9578 |  14.236 |   6.626
 0.70 | 0.450 | 15.97x | 32.92 | +0.64 |  0.9574 | 0.10084 |  0.9577 |  14.184 |   6.773
 0.70 | 0.500 | 15.97x | 32.84 | +0.56 |  0.9572 | 0.10142 |  0.9573 |  14.254 |   6.968
 0.80 | 0.300 | 15.97x | 32.89 | +0.61 |  0.9559 | 0.10070 |  0.9581 |  14.647 |   6.242
 0.80 | 0.375 | 15.97x | 32.98 | +0.70 |  0.9572 | 0.10022 |  0.9583 |  14.296 |   6.405
 0.80 | 0.400 | 15.97x | 32.99 | +0.71 |  0.9575 | 0.10023 |  0.9583 |  14.221 |   6.480
 0.80 | 0.450 | 15.97x | 32.98 | +0.71 |  0.9577 | 0.10037 |  0.9581 |  14.146 |   6.619
 0.80 | 0.500 | 15.97x | 32.94 | +0.66 |  0.9577 | 0.10071 |  0.9579 |  14.158 |   6.774

### target 32x  (q-knob proxy ~32)
  dz  |  ro   | ratio  |  PSNR | dPSNR | MS-SSIM |   GMSD  | HaarPSI | edgeMAE |  seam16
------+-------+--------+-------+-------+---------+---------+---------+---------+--------
 0.40 | 0.300 | 31.84x | 28.42 | +0.00 |  0.8856 | 0.14903 |  0.9230 |  23.147 |  11.135
 0.40 | 0.375 | 31.84x | 28.37 | +0.00 |  0.8879 | 0.14905 |  0.9228 |  22.980 |  11.917
 0.40 | 0.400 | 31.84x | 28.30 | +0.00 |  0.8877 | 0.14943 |  0.9225 |  23.115 |  12.197
 0.40 | 0.450 | 31.84x | 28.10 | +0.00 |  0.8861 | 0.15070 |  0.9216 |  23.672 |  12.802
 0.40 | 0.500 | 31.84x | 27.83 | +0.00 |  0.8832 | 0.15249 |  0.9204 |  24.562 |  13.434
 0.45 | 0.300 | 31.97x | 28.62 | +0.00 |  0.8891 | 0.14774 |  0.9248 |  22.913 |  10.682
 0.45 | 0.375 | 31.97x | 28.62 | +0.00 |  0.8918 | 0.14732 |  0.9249 |  22.579 |  11.360
 0.45 | 0.400 | 31.97x | 28.57 | +0.00 |  0.8919 | 0.14755 |  0.9246 |  22.632 |  11.617
 0.45 | 0.450 | 31.97x | 28.42 | +0.00 |  0.8912 | 0.14832 |  0.9240 |  22.944 |  12.130
 0.45 | 0.500 | 31.97x | 28.20 | +0.00 |  0.8892 | 0.14968 |  0.9230 |  23.573 |  12.694
 0.50 | 0.300 | 32.10x | 28.77 | +0.00 |  0.8914 | 0.14692 |  0.9260 |  22.766 |  10.361
 0.50 | 0.375 | 32.10x | 28.79 | +0.00 |  0.8944 | 0.14620 |  0.9262 |  22.347 |  10.943
 0.50 | 0.400 | 32.10x | 28.75 | +0.00 |  0.8945 | 0.14634 |  0.9260 |  22.348 |  11.186
 0.50 | 0.450 | 32.10x | 28.64 | +0.00 |  0.8944 | 0.14680 |  0.9256 |  22.513 |  11.636
 0.50 | 0.500 | 32.10x | 28.47 | +0.00 |  0.8932 | 0.14774 |  0.9248 |  22.933 |  12.125  <-baseline
 0.55 | 0.300 | 31.95x | 28.91 | +0.44 |  0.8938 | 0.14601 |  0.9272 |  22.579 |  10.086
 0.55 | 0.375 | 31.95x | 28.95 | +0.49 |  0.8968 | 0.14509 |  0.9275 |  22.126 |  10.575
 0.55 | 0.400 | 31.95x | 28.93 | +0.46 |  0.8973 | 0.14505 |  0.9274 |  22.072 |  10.802
 0.55 | 0.450 | 31.95x | 28.85 | +0.38 |  0.8975 | 0.14530 |  0.9271 |  22.138 |  11.191
 0.55 | 0.500 | 31.95x | 28.71 | +0.24 |  0.8968 | 0.14592 |  0.9266 |  22.403 |  11.619
 0.60 | 0.300 | 31.99x | 29.00 | +0.53 |  0.8952 | 0.14550 |  0.9280 |  22.504 |   9.866
 0.60 | 0.375 | 31.99x | 29.05 | +0.58 |  0.8982 | 0.14452 |  0.9284 |  22.021 |  10.328
 0.60 | 0.400 | 31.99x | 29.04 | +0.57 |  0.8988 | 0.14441 |  0.9283 |  21.948 |  10.494
 0.60 | 0.450 | 31.99x | 28.98 | +0.51 |  0.8993 | 0.14444 |  0.9281 |  21.932 |  10.873
 0.60 | 0.500 | 31.99x | 28.86 | +0.40 |  0.8989 | 0.14490 |  0.9277 |  22.107 |  11.265
 0.65 | 0.300 | 31.96x | 29.07 | +0.60 |  0.8961 | 0.14517 |  0.9285 |  22.441 |   9.708
 0.65 | 0.375 | 31.96x | 29.12 | +0.65 |  0.8991 | 0.14415 |  0.9289 |  21.953 |  10.146
 0.65 | 0.400 | 31.96x | 29.12 | +0.66 |  0.8998 | 0.14393 |  0.9290 |  21.868 |  10.263
 0.65 | 0.450 | 31.96x | 29.08 | +0.61 |  0.9005 | 0.14386 |  0.9288 |  21.801 |  10.603
 0.65 | 0.500 | 31.96x | 28.98 | +0.52 |  0.9004 | 0.14415 |  0.9285 |  21.901 |  10.969
 0.70 | 0.300 | 32.00x | 29.11 | +0.64 |  0.8967 | 0.14503 |  0.9289 |  22.435 |   9.591
 0.70 | 0.375 | 32.00x | 29.17 | +0.71 |  0.8996 | 0.14393 |  0.9293 |  21.950 |   9.971
 0.70 | 0.400 | 32.00x | 29.17 | +0.70 |  0.9003 | 0.14373 |  0.9293 |  21.846 |  10.126
 0.70 | 0.450 | 32.00x | 29.14 | +0.67 |  0.9011 | 0.14356 |  0.9292 |  21.750 |  10.444
 0.70 | 0.500 | 32.00x | 29.07 | +0.60 |  0.9012 | 0.14370 |  0.9290 |  21.790 |  10.749
 0.80 | 0.300 | 31.96x | 29.18 | +0.71 |  0.8976 | 0.14492 |  0.9294 |  22.375 |   9.420
 0.80 | 0.375 | 31.96x | 29.24 | +0.77 |  0.9004 | 0.14381 |  0.9298 |  21.912 |   9.765
 0.80 | 0.400 | 31.96x | 29.24 | +0.77 |  0.9009 | 0.14365 |  0.9298 |  21.818 |   9.895
 0.80 | 0.450 | 31.96x | 29.22 | +0.75 |  0.9019 | 0.14335 |  0.9298 |  21.686 |  10.161
 0.80 | 0.500 | 31.96x | 29.17 | +0.71 |  0.9022 | 0.14331 |  0.9297 |  21.665 |  10.427

### target 64x  (q-knob proxy ~64)
  dz  |  ro   | ratio  |  PSNR | dPSNR | MS-SSIM |   GMSD  | HaarPSI | edgeMAE |  seam16
------+-------+--------+-------+-------+---------+---------+---------+---------+--------
 0.40 | 0.300 | 63.85x | 25.52 | +0.00 |  0.7857 | 0.18262 |  0.8915 |  30.740 |  15.113
 0.40 | 0.375 | 63.85x | 25.39 | +0.00 |  0.7894 | 0.18123 |  0.8924 |  30.674 |  16.392
 0.40 | 0.400 | 63.85x | 25.31 | +0.00 |  0.7895 | 0.18118 |  0.8924 |  30.842 |  16.832
 0.40 | 0.450 | 63.85x | 25.10 | +0.00 |  0.7883 | 0.18163 |  0.8919 |  31.454 |  17.741
 0.40 | 0.500 | 63.85x | 24.83 | +0.00 |  0.7855 | 0.18265 |  0.8911 |  32.376 |  18.656
 0.45 | 0.300 | 63.99x | 25.68 | +0.00 |  0.7884 | 0.18264 |  0.8925 |  30.643 |  14.542
 0.45 | 0.375 | 63.99x | 25.61 | +0.00 |  0.7931 | 0.18079 |  0.8937 |  30.332 |  15.619
 0.45 | 0.400 | 63.99x | 25.55 | +0.00 |  0.7937 | 0.18050 |  0.8938 |  30.379 |  16.006
 0.45 | 0.450 | 63.99x | 25.39 | +0.00 |  0.7936 | 0.18044 |  0.8937 |  30.706 |  16.797
 0.45 | 0.500 | 63.99x | 25.18 | +0.00 |  0.7921 | 0.18095 |  0.8932 |  31.319 |  17.611
 0.50 | 0.300 | 64.21x | 25.79 | +0.00 |  0.7899 | 0.18298 |  0.8931 |  30.650 |  14.065
 0.50 | 0.375 | 64.21x | 25.75 | +0.00 |  0.7951 | 0.18079 |  0.8944 |  30.185 |  15.044
 0.50 | 0.400 | 64.21x | 25.72 | +0.00 |  0.7959 | 0.18042 |  0.8946 |  30.159 |  15.342
 0.50 | 0.450 | 64.21x | 25.60 | +0.00 |  0.7967 | 0.17997 |  0.8947 |  30.291 |  16.059
 0.50 | 0.500 | 64.21x | 25.43 | +0.00 |  0.7961 | 0.18004 |  0.8945 |  30.664 |  16.785  <-baseline
 0.55 | 0.300 | 64.13x | 25.89 | +0.46 |  0.7915 | 0.18320 |  0.8937 |  30.617 |  13.715
 0.55 | 0.375 | 64.13x | 25.88 | +0.45 |  0.7970 | 0.18087 |  0.8951 |  30.078 |  14.573
 0.55 | 0.400 | 64.13x | 25.85 | +0.43 |  0.7980 | 0.18039 |  0.8953 |  30.008 |  14.853
 0.55 | 0.450 | 64.13x | 25.76 | +0.33 |  0.7992 | 0.17970 |  0.8956 |  30.019 |  15.501
 0.55 | 0.500 | 64.13x | 25.63 | +0.20 |  0.7993 | 0.17948 |  0.8956 |  30.225 |  16.127
 0.60 | 0.300 | 63.90x | 25.98 | +0.55 |  0.7935 | 0.18322 |  0.8943 |  30.561 |  13.419
 0.60 | 0.375 | 63.90x | 25.98 | +0.55 |  0.7989 | 0.18088 |  0.8958 |  29.992 |  14.187
 0.60 | 0.400 | 63.90x | 25.96 | +0.53 |  0.8001 | 0.18028 |  0.8961 |  29.885 |  14.462
 0.60 | 0.450 | 63.90x | 25.89 | +0.46 |  0.8017 | 0.17947 |  0.8964 |  29.816 |  15.030
 0.60 | 0.500 | 63.90x | 25.78 | +0.36 |  0.8022 | 0.17904 |  0.8965 |  29.914 |  15.593
 0.65 | 0.300 | 64.18x | 26.02 | +0.59 |  0.7936 | 0.18370 |  0.8944 |  30.624 |  13.229
 0.65 | 0.375 | 64.18x | 26.03 | +0.60 |  0.7989 | 0.18135 |  0.8959 |  30.041 |  13.926
 0.65 | 0.400 | 64.18x | 26.02 | +0.59 |  0.8002 | 0.18074 |  0.8962 |  29.920 |  14.172
 0.65 | 0.450 | 64.18x | 25.96 | +0.53 |  0.8019 | 0.17981 |  0.8966 |  29.791 |  14.688
 0.65 | 0.500 | 64.18x | 25.87 | +0.45 |  0.8028 | 0.17922 |  0.8968 |  29.811 |  15.214
 0.70 | 0.300 | 63.94x | 26.07 | +0.65 |  0.7948 | 0.18376 |  0.8948 |  30.596 |  13.061
 0.70 | 0.375 | 63.94x | 26.09 | +0.67 |  0.8000 | 0.18143 |  0.8962 |  30.011 |  13.708
 0.70 | 0.400 | 63.94x | 26.08 | +0.66 |  0.8013 | 0.18083 |  0.8966 |  29.884 |  13.923
 0.70 | 0.450 | 63.94x | 26.04 | +0.62 |  0.8032 | 0.17984 |  0.8971 |  29.716 |  14.390
 0.70 | 0.500 | 63.94x | 25.97 | +0.54 |  0.8043 | 0.17914 |  0.8973 |  29.677 |  14.875
 0.80 | 0.300 | 64.03x | 26.12 | +0.69 |  0.7949 | 0.18440 |  0.8949 |  30.681 |  12.829
 0.80 | 0.375 | 64.03x | 26.15 | +0.72 |  0.7999 | 0.18215 |  0.8963 |  30.108 |  13.382
 0.80 | 0.400 | 64.03x | 26.15 | +0.72 |  0.8012 | 0.18153 |  0.8966 |  29.966 |  13.574
 0.80 | 0.450 | 64.03x | 26.12 | +0.70 |  0.8032 | 0.18044 |  0.8972 |  29.751 |  13.973
 0.80 | 0.500 | 64.03x | 26.07 | +0.65 |  0.8047 | 0.17962 |  0.8976 |  29.639 |  14.390

### target 128x  (q-knob proxy ~128)
  dz  |  ro   | ratio  |  PSNR | dPSNR | MS-SSIM |   GMSD  | HaarPSI | edgeMAE |  seam16
------+-------+--------+-------+-------+---------+---------+---------+---------+--------
 0.40 | 0.300 | 110.49x | 23.61 | +0.00 |  0.6768 | 0.20788 |  0.8641 |  36.707 |  18.083
 0.40 | 0.375 | 110.49x | 23.44 | +0.00 |  0.6820 | 0.20477 |  0.8667 |  36.565 |  19.700
 0.40 | 0.400 | 110.49x | 23.36 | +0.00 |  0.6826 | 0.20414 |  0.8671 |  36.686 |  20.260
 0.40 | 0.450 | 110.49x | 23.16 | +0.00 |  0.6826 | 0.20338 |  0.8676 |  37.150 |  21.379
 0.40 | 0.500 | 110.49x | 22.91 | +0.00 |  0.6809 | 0.20328 |  0.8675 |  37.912 |  22.526
 0.45 | 0.300 | 126.32x | 23.29 | +0.00 |  0.6453 | 0.21649 |  0.8556 |  38.314 |  18.014
 0.45 | 0.375 | 126.32x | 23.18 | +0.00 |  0.6519 | 0.21258 |  0.8591 |  37.886 |  19.491
 0.45 | 0.400 | 126.32x | 23.12 | +0.00 |  0.6531 | 0.21163 |  0.8599 |  37.874 |  19.989
 0.45 | 0.450 | 126.32x | 22.97 | +0.00 |  0.6546 | 0.21008 |  0.8611 |  38.028 |  21.019
 0.45 | 0.500 | 126.32x | 22.78 | +0.00 |  0.6545 | 0.20914 |  0.8617 |  38.421 |  22.060
 0.50 | 0.300 | 127.79x | 23.36 | +0.00 |  0.6423 | 0.21890 |  0.8539 |  38.605 |  17.452
 0.50 | 0.375 | 127.79x | 23.28 | +0.00 |  0.6496 | 0.21484 |  0.8577 |  38.021 |  18.757
 0.50 | 0.400 | 127.79x | 23.24 | +0.00 |  0.6512 | 0.21375 |  0.8586 |  37.932 |  19.197
 0.50 | 0.450 | 127.79x | 23.13 | +0.00 |  0.6534 | 0.21198 |  0.8601 |  37.904 |  20.095
 0.50 | 0.500 | 127.79x | 22.98 | +0.00 |  0.6544 | 0.21057 |  0.8611 |  38.071 |  21.044  <-baseline
 0.55 | 0.300 | 127.61x | 23.42 | +0.44 |  0.6425 | 0.21989 |  0.8534 |  38.701 |  17.071
 0.55 | 0.375 | 127.61x | 23.37 | +0.40 |  0.6498 | 0.21594 |  0.8571 |  38.059 |  18.226
 0.55 | 0.400 | 127.61x | 23.34 | +0.37 |  0.6516 | 0.21484 |  0.8581 |  37.931 |  18.622
 0.55 | 0.450 | 127.61x | 23.25 | +0.28 |  0.6543 | 0.21288 |  0.8597 |  37.797 |  19.443
 0.55 | 0.500 | 127.61x | 23.13 | +0.16 |  0.6559 | 0.21136 |  0.8609 |  37.834 |  20.272
 0.60 | 0.300 | 128.14x | 23.46 | +0.48 |  0.6410 | 0.22143 |  0.8524 |  38.903 |  16.684
 0.60 | 0.375 | 128.14x | 23.43 | +0.46 |  0.6485 | 0.21756 |  0.8562 |  38.206 |  17.738
 0.60 | 0.400 | 128.14x | 23.41 | +0.44 |  0.6504 | 0.21643 |  0.8572 |  38.048 |  18.096
 0.60 | 0.450 | 128.14x | 23.34 | +0.37 |  0.6535 | 0.21442 |  0.8589 |  37.838 |  18.830
 0.60 | 0.500 | 128.14x | 23.25 | +0.27 |  0.6555 | 0.21275 |  0.8603 |  37.767 |  19.581
 0.65 | 0.300 | 127.85x | 23.51 | +0.53 |  0.6418 | 0.22219 |  0.8522 |  38.970 |  16.431
 0.65 | 0.375 | 127.85x | 23.49 | +0.52 |  0.6493 | 0.21834 |  0.8560 |  38.257 |  17.404
 0.65 | 0.400 | 127.85x | 23.48 | +0.50 |  0.6512 | 0.21723 |  0.8570 |  38.086 |  17.729
 0.65 | 0.450 | 127.85x | 23.42 | +0.45 |  0.6544 | 0.21520 |  0.8587 |  37.835 |  18.401
 0.65 | 0.500 | 127.85x | 23.35 | +0.37 |  0.6567 | 0.21353 |  0.8601 |  37.710 |  19.078
 0.70 | 0.300 | 127.96x | 23.54 | +0.56 |  0.6414 | 0.22304 |  0.8517 |  39.057 |  16.239
 0.70 | 0.375 | 127.96x | 23.53 | +0.56 |  0.6487 | 0.21937 |  0.8554 |  38.351 |  17.123
 0.70 | 0.400 | 127.96x | 23.52 | +0.54 |  0.6505 | 0.21834 |  0.8564 |  38.179 |  17.413
 0.70 | 0.450 | 127.96x | 23.48 | +0.50 |  0.6539 | 0.21631 |  0.8582 |  37.893 |  18.034
 0.70 | 0.500 | 127.96x | 23.41 | +0.44 |  0.6564 | 0.21456 |  0.8596 |  37.721 |  18.666
 0.80 | 0.300 | 127.89x | 23.59 | +0.61 |  0.6413 | 0.22425 |  0.8511 |  39.216 |  15.925
 0.80 | 0.375 | 127.89x | 23.59 | +0.62 |  0.6482 | 0.22086 |  0.8545 |  38.537 |  16.679
 0.80 | 0.400 | 127.89x | 23.59 | +0.61 |  0.6500 | 0.21990 |  0.8555 |  38.362 |  16.924
 0.80 | 0.450 | 127.89x | 23.56 | +0.58 |  0.6534 | 0.21792 |  0.8573 |  38.041 |  17.466
 0.80 | 0.500 | 127.89x | 23.52 | +0.54 |  0.6561 | 0.21624 |  0.8587 |  37.816 |  18.004
